-2.827136 5.641331 1.000000
-2.795952 5.145167 1.000000
-2.621524 5.177378 1.000000
-2.764906 5.003599 1.000000
-2.782750 5.648648 1.000000
-3.231446 6.062506 1.000000
-2.690452 5.232619 1.000000
-2.884861 5.485129 1.000000
-2.623385 4.743926 1.000000
-2.837498 5.208032 1.000000
-3.004816 5.966659 1.000000
-2.898200 5.336244 1.000000
-2.723909 5.086984 1.000000
-2.286143 4.811444 1.000000
-2.867800 6.500919 1.000000
-3.127474 6.659478 1.000000
-2.888817 6.132813 1.000000
-2.863020 5.633860 1.000000
-3.312265 6.193968 1.000000
-2.923997 5.835197 1.000000
-3.200811 5.712592 1.000000
-2.968108 5.754755 1.000000
-2.295485 5.456339 1.000000
-3.208215 5.420246 1.000000
-3.155172 5.283514 1.000000
-3.003426 5.175667 1.000000
-3.042287 5.452611 1.000000
-2.948952 5.689408 1.000000
-2.871522 5.634014 1.000000
-2.878495 5.124648 1.000000
-2.922881 5.117331 1.000000
-3.101266 5.732804 1.000000
-2.863706 6.134706 1.000000
-2.914184 6.414746 1.000000
-2.837498 5.208032 1.000000
-2.644343 5.391917 1.000000
-2.886115 5.921524 1.000000
-2.837498 5.208032 1.000000
-2.529500 4.834474 1.000000
-2.921020 5.550783 1.000000
-2.741204 5.585783 1.000000
-2.659132 4.381858 1.000000
-2.513047 4.980416 1.000000
-3.105829 5.510641 1.000000
-3.302510 5.757420 1.000000
-2.795678 5.072042 1.000000
-2.973770 5.825091 1.000000
-2.671022 5.094147 1.000000
-2.968657 5.901005 1.000000
-2.807431 5.429735 1.000000
-6.796138 6.000163 2.000000
-6.443754 5.633922 2.000000
-6.975404 5.818914 2.000000
-5.692310 4.489120 2.000000
-6.598478 5.390114 2.000000
-6.151780 4.897400 2.000000
-6.606567 5.598615 2.000000
-4.759876 4.313616 2.000000
-6.554641 5.543681 2.000000
-5.501153 4.594149 2.000000
-5.000257 4.052232 2.000000
-6.022441 5.212440 2.000000
-5.773679 4.766830 2.000000
-6.495388 5.190363 2.000000
-5.336479 5.062908 2.000000
-6.438916 5.782960 2.000000
-6.170936 4.962747 2.000000
-5.745884 4.982802 2.000000
-6.453705 4.772901 2.000000
-5.554589 4.733234 2.000000
-6.627584 5.230510 2.000000
-5.868130 5.247900 2.000000
-6.807812 4.987162 2.000000
-6.431846 5.132333 2.000000
-6.225351 5.465103 2.000000
-6.410984 5.644335 2.000000
-6.842385 5.559393 2.000000
-7.068739 5.582116 2.000000
-6.323799 5.152392 2.000000
-5.204008 4.949637 2.000000
-5.441000 4.612186 2.000000
-5.319459 4.637233 2.000000
-5.646338 5.003014 2.000000
-6.890080 4.893519 2.000000
-6.098618 4.831439 2.000000
-6.318549 5.509778 2.000000
-6.731772 5.722759 2.000000
-6.324211 4.944045 2.000000
-5.756538 5.047996 2.000000
-5.675857 4.635062 2.000000
-5.974374 4.645197 2.000000
-6.401504 5.280911 2.000000
-5.740222 4.912466 2.000000
-4.804262 4.306299 2.000000
-5.866876 4.811505 2.000000
-5.842470 5.103544 2.000000
-5.886581 5.023102 2.000000
-6.153033 5.333795 2.000000
-4.602880 4.563155 2.000000
-5.809151 4.967707 2.000000
-8.043070 5.302881 3.000000
-6.925415 4.739799 3.000000
-8.127828 5.656659 3.000000
-7.482158 5.133598 3.000000
-7.861101 5.272841 3.000000
-8.908223 5.861892 3.000000
-6.030726 4.123372 3.000000
-8.443348 5.667101 3.000000
-7.831016 5.069176 3.000000
-8.429477 6.095104 3.000000
-7.173278 5.556762 3.000000
-7.313684 5.098569 3.000000
-7.676722 5.530004 3.000000
-6.855937 4.538308 3.000000
-7.096610 4.775417 3.000000
-7.416087 5.433543 3.000000
-7.460592 5.355454 3.000000
-9.000108 6.486268 3.000000
-9.306030 5.567989 3.000000
-6.809673 4.553710 3.000000
-7.939510 5.691506 3.000000
-6.709440 4.709145 3.000000
-9.010609 5.771497 3.000000
-6.899011 5.110693 3.000000
-7.787197 5.648110 3.000000
-8.125537 5.873091 3.000000
-6.768968 5.135587 3.000000
-6.802013 5.198298 3.000000
-7.634197 5.103869 3.000000
-7.898908 5.777243 3.000000
-8.352304 5.687466 3.000000
-8.743686 6.685248 3.000000
-7.670081 5.096398 3.000000
-6.954446 5.170922 3.000000
-7.290983 4.813259 3.000000
-8.587865 6.000488 3.000000
-7.656330 5.453630 3.000000
-7.416206 5.362771 3.000000
-6.680197 5.150221 3.000000
-7.618997 5.686206 3.000000
-7.825646 5.497333 3.000000
-7.433794 5.723995 3.000000
-6.925415 4.739799 3.000000
-8.074666 5.590698 3.000000
-7.930734 5.618228 3.000000
-7.455360 5.502139 3.000000
-7.037007 4.939703 3.000000
-7.275389 5.393243 3.000000
-7.412972 5.430600 3.000000
-6.901009 5.031837 3.000000
